0 0.167759 0.300410 0.170791 0.280534
0 0.271094 0.363112 0.125000 0.198021
0 0.107114 0.718724 0.141084 0.239271
0 0.217881 0.132090 0.154707 0.171628
0 0.307607 0.222852 0.118809 0.181510
0 0.662808 0.784727 0.274756 0.325078
0 0.512432 0.633737 0.233906 0.257422
0 0.873198 0.717897 0.180693 0.316836
0 0.706123 0.552884 0.220293 0.201315
0 0.564414 0.442318 0.162129 0.244219
0 0.878149 0.474499 0.173271 0.229362
0 0.748203 0.392813 0.210391 0.171615
0 0.858350 0.275658 0.168320 0.217826
0 0.677036 0.276484 0.196787 0.166667
0 0.177656 0.530605 0.185645 0.232669
0 0.105259 0.392813 0.137373 0.211224
0 0.431987 0.272357 0.214111 0.234323
0 0.370107 0.500898 0.236387 0.226068
0 0.298325 0.659316 0.238857 0.249180
0 0.412808 0.815260 0.284658 0.280521
