0 0.677656 0.890345 0.247520 0.136966
0 0.466025 0.774831 0.297031 0.288776
0 0.446221 0.885391 0.247520 0.143568
0 0.319985 0.473672 0.235146 0.237630
0 0.141143 0.444792 0.199258 0.216172
0 0.094116 0.646940 0.184404 0.267318
0 0.217261 0.839186 0.284658 0.245872
0 0.241392 0.606510 0.221533 0.288776
0 0.539043 0.431595 0.183164 0.183164
0 0.639287 0.618887 0.267324 0.336628
0 0.922988 0.503379 0.154023 0.339935
0 0.807607 0.623014 0.168320 0.232669
0 0.436938 0.578464 0.186885 0.189766
0 0.653525 0.301237 0.127480 0.179870
0 0.490776 0.255026 0.143564 0.202969
0 0.231494 0.340833 0.162129 0.153464
0 0.262437 0.249251 0.110146 0.125404
0 0.377534 0.310312 0.127471 0.135312
0 0.715405 0.420872 0.164600 0.194714
0 0.893901 0.765755 0.212197 0.280521
