0 0.339092 0.749180 0.197988 0.221120
0 0.435645 0.599010 0.168320 0.221120
0 0.449258 0.402643 0.168320 0.221120
0 0.299507 0.400990 0.168311 0.221120
0 0.371270 0.253281 0.133633 0.186510
0 0.482676 0.212038 0.133633 0.217852
0 0.589111 0.198021 0.133633 0.186510
0 0.699258 0.273932 0.133633 0.186510
0 0.787104 0.359740 0.170713 0.186510
0 0.835396 0.504948 0.170713 0.186510
0 0.806929 0.669967 0.170713 0.186497
0 0.606436 0.359740 0.170703 0.186510
0 0.569307 0.513203 0.170703 0.186510
0 0.700508 0.516523 0.143516 0.229453
0 0.601470 0.671615 0.200381 0.186510
0 0.534639 0.848190 0.197910 0.209609
0 0.717837 0.823444 0.215303 0.209622
0 0.273560 0.599076 0.168311 0.221120
