0 0.383091 0.644303 0.077803 0.089648
0 0.519497 0.621504 0.077803 0.089648
0 0.533911 0.734160 0.077803 0.089648
0 0.575625 0.668555 0.077812 0.089635
0 0.669751 0.551608 0.077803 0.089648
0 0.609854 0.511673 0.077813 0.089648
0 0.638735 0.446061 0.077803 0.089648
0 0.567065 0.450345 0.077803 0.089648
0 0.555298 0.521660 0.077803 0.089648
0 0.493262 0.466035 0.077813 0.089648
0 0.495405 0.531634 0.077803 0.089648
0 0.476147 0.587259 0.077803 0.089648
0 0.432290 0.618639 0.077803 0.089648
0 0.457964 0.705632 0.077803 0.089648
0 0.420522 0.537344 0.077803 0.089635
0 0.391646 0.478874 0.077803 0.089648
0 0.421597 0.360488 0.077803 0.089648
0 0.368110 0.554460 0.077803 0.089648
0 0.401274 0.694225 0.077803 0.089648
0 0.465454 0.794056 0.077803 0.089648
0 0.526421 0.808327 0.077803 0.089648
0 0.602368 0.792637 0.077803 0.089648
0 0.618413 0.718470 0.077803 0.089648
0 0.674033 0.697077 0.077812 0.089648
0 0.631245 0.587259 0.077803 0.089648
0 0.698638 0.600098 0.077803 0.089648
0 0.571343 0.357637 0.077803 0.089648
0 0.500747 0.389017 0.077803 0.089648
0 0.441919 0.417546 0.077803 0.089648
0 0.399111 0.433249 0.060723 0.072487
0 0.432290 0.748418 0.077803 0.089648
0 0.490054 0.674264 0.077803 0.089648
0 0.507427 0.681517 0.077803 0.089648
0 0.633662 0.384512 0.070371 0.069805
