0 0.805762 0.520690 0.253848 0.255182
0 0.738647 0.293223 0.173291 0.224466
0 0.633232 0.394180 0.173301 0.224453
0 0.474121 0.415898 0.173301 0.278151
0 0.345664 0.672806 0.253848 0.324154
0 0.351431 0.284271 0.173291 0.224453
0 0.180815 0.299603 0.173291 0.224466
0 0.403188 0.174368 0.173291 0.224466
0 0.537397 0.257448 0.146494 0.186146
0 0.545049 0.129264 0.173301 0.156185
0 0.272813 0.188405 0.131172 0.170820
0 0.711826 0.711126 0.253848 0.324154
0 0.520127 0.670228 0.253848 0.324154
0 0.244087 0.493861 0.253818 0.224466
