0 0.389771 0.098145 0.172412 0.196289
0 0.247915 0.521979 0.180088 0.245807
0 0.408940 0.534759 0.180088 0.245820
0 0.573804 0.506641 0.180088 0.245807
0 0.738667 0.520690 0.180088 0.245807
0 0.832603 0.685560 0.143701 0.199792
0 0.658149 0.672786 0.143701 0.199792
0 0.493291 0.680456 0.143711 0.199792
0 0.346655 0.680443 0.191650 0.179375
0 0.183716 0.671510 0.143701 0.199792
0 0.155898 0.869596 0.172422 0.253464
0 0.324595 0.876543 0.172412 0.246914
0 0.493291 0.873991 0.172422 0.246914
0 0.646650 0.879102 0.172422 0.241797
0 0.830684 0.869616 0.172422 0.253477
0 0.777007 0.100697 0.172412 0.201393
0 0.631313 0.098145 0.172412 0.196289
0 0.500962 0.095586 0.172412 0.191172
0 0.255581 0.094310 0.172412 0.188620
0 0.242148 0.211426 0.164727 0.148633
0 0.359082 0.219121 0.168555 0.158815
0 0.529712 0.174362 0.172412 0.202318
0 0.489473 0.220345 0.153281 0.171680
0 0.641855 0.224206 0.155156 0.174193
0 0.784673 0.238262 0.172412 0.202305
0 0.784673 0.348171 0.172412 0.202305
0 0.589141 0.340501 0.172422 0.202305
0 0.422358 0.331523 0.172412 0.202318
0 0.261328 0.345612 0.172422 0.184479
