0 0.114395 0.562896 0.097305 0.132243
0 0.151870 0.452969 0.097295 0.132243
0 0.213154 0.557764 0.097305 0.132243
0 0.204644 0.746906 0.097295 0.132229
0 0.187617 0.882375 0.097305 0.132229
0 0.248906 0.943915 0.097305 0.112170
0 0.255713 0.821034 0.097305 0.132243
0 0.330610 0.887478 0.100693 0.162874
0 0.409771 0.801884 0.116006 0.139839
0 0.412329 0.932419 0.100693 0.135161
0 0.511069 0.924751 0.100693 0.150499
0 0.674487 0.949032 0.100693 0.101935
0 0.769819 0.918160 0.100693 0.162889
0 0.667686 0.831261 0.121113 0.162874
0 0.597886 0.913050 0.100693 0.162874
0 0.492339 0.739238 0.100693 0.162874
0 0.562134 0.808255 0.100693 0.162874
0 0.620015 0.708570 0.100693 0.162889
0 0.737476 0.746906 0.100693 0.162874
0 0.766421 0.621664 0.100693 0.162889
0 0.683003 0.685565 0.100693 0.116877
0 0.298276 0.712412 0.100693 0.124531
0 0.373179 0.671518 0.100693 0.114296
0 0.461694 0.616540 0.100693 0.106686
0 0.407217 0.573065 0.087090 0.111818
0 0.547661 0.543717 0.092178 0.119399
0 0.213159 0.368600 0.100693 0.106701
0 0.291460 0.465748 0.100693 0.106686
0 0.316997 0.414626 0.100693 0.106701
0 0.371470 0.506642 0.100693 0.106686
0 0.293169 0.567991 0.100693 0.106686
0 0.647251 0.470858 0.100693 0.106701
0 0.620015 0.567991 0.100693 0.106686
0 0.562134 0.527089 0.100693 0.106701
0 0.662573 0.573101 0.100693 0.106701
0 0.541704 0.672786 0.100693 0.106686
