0 0.415654 0.284290 0.077402 0.117279
0 0.491372 0.404408 0.077412 0.117279
0 0.500957 0.327728 0.077402 0.117279
0 0.533550 0.272734 0.077412 0.089219
0 0.585308 0.284271 0.077412 0.117266
0 0.644736 0.311087 0.077402 0.094310
0 0.477007 0.275345 0.063975 0.068659
0 0.380186 0.360964 0.077402 0.076354
0 0.370601 0.427402 0.077412 0.117279
0 0.410859 0.481087 0.077402 0.117279
0 0.437446 0.426250 0.051064 0.073594
0 0.486924 0.473854 0.077402 0.089635
0 0.510894 0.579355 0.077412 0.117279
0 0.574800 0.385469 0.085361 0.095938
0 0.654717 0.383327 0.077402 0.117279
0 0.716255 0.392409 0.069443 0.111901
0 0.693867 0.500514 0.077402 0.117279
0 0.623555 0.460033 0.077402 0.117279
0 0.554043 0.458965 0.077402 0.117279
0 0.576416 0.623574 0.077402 0.103398
0 0.631543 0.551647 0.077402 0.117279
0 0.686675 0.674167 0.077412 0.117266
0 0.625151 0.678431 0.077412 0.117279
0 0.414214 0.571895 0.077412 0.117279
0 0.448569 0.659251 0.077412 0.117279
0 0.382251 0.648600 0.077412 0.117279
0 0.518691 0.777279 0.069648 0.117266
0 0.533267 0.698568 0.077412 0.089792
0 0.462075 0.758496 0.058330 0.117279
0 0.416689 0.714831 0.069648 0.098724
0 0.369116 0.584694 0.065205 0.092357
0 0.354541 0.504349 0.069648 0.117266
0 0.733271 0.556035 0.069648 0.094883
0 0.714087 0.631113 0.074424 0.087461
