0 0.236895 0.750443 0.122988 0.190434
0 0.247383 0.563993 0.122988 0.190417
0 0.359146 0.565069 0.122979 0.190417
0 0.468809 0.556545 0.122988 0.190417
0 0.347158 0.748316 0.122988 0.190417
0 0.466411 0.750443 0.122979 0.190434
0 0.579673 0.559748 0.122979 0.190434
0 0.583267 0.749384 0.122979 0.190434
0 0.687539 0.550156 0.122988 0.190417
0 0.696528 0.737665 0.122979 0.190434
0 0.798403 0.554418 0.122979 0.190434
0 0.806792 0.750443 0.122979 0.190434
0 0.267734 0.162700 0.111895 0.175677
0 0.369658 0.161493 0.111895 0.175694
0 0.244854 0.321736 0.111895 0.175694
0 0.475400 0.167656 0.104277 0.175694
0 0.571426 0.170130 0.104277 0.175677
0 0.669883 0.166432 0.104277 0.175677
0 0.768340 0.166432 0.104277 0.175677
0 0.791221 0.321745 0.104277 0.175677
0 0.679590 0.311910 0.104277 0.121389
0 0.572119 0.303247 0.104277 0.121389
0 0.474355 0.299549 0.104277 0.121389
0 0.368271 0.303247 0.104277 0.121389
