0 0.685264 0.121834 0.155508 0.151651
0 0.816763 0.603849 0.211201 0.264135
0 0.133423 0.396808 0.195850 0.202744
0 0.360869 0.210234 0.155508 0.151651
0 0.307119 0.118218 0.155508 0.151651
0 0.212109 0.174447 0.145898 0.151651
0 0.432856 0.102887 0.130576 0.151651
0 0.541299 0.128440 0.155508 0.151651
0 0.629600 0.240910 0.155508 0.151651
0 0.712139 0.330364 0.155508 0.151651
0 0.852261 0.353368 0.155498 0.151651
0 0.792754 0.217906 0.155508 0.151651
0 0.687187 0.171899 0.155508 0.151651
0 0.735176 0.482438 0.182383 0.210416
0 0.596963 0.405780 0.155508 0.220689
0 0.509614 0.297120 0.149717 0.223186
0 0.381982 0.352074 0.155508 0.230832
0 0.259355 0.318992 0.138711 0.185683
0 0.295757 0.462854 0.174697 0.190026
0 0.460586 0.484675 0.190742 0.180403
0 0.188140 0.556086 0.175479 0.188999
0 0.347769 0.621567 0.181104 0.194239
0 0.209297 0.776144 0.240977 0.258895
0 0.397681 0.797633 0.218701 0.285358
0 0.509204 0.661469 0.146826 0.277061
0 0.646758 0.592159 0.198867 0.234148
0 0.659155 0.790202 0.238525 0.267191
