1 0.92421875 0.24609375 0.0765625 0.11328125
1 0.09375 0.2484375 0.09375 0.14921875
1 0.7390625 0.25 0.0796875 0.09609375
1 0.5375 0.2609375 0.06015625 0.11328125
1 0.4796875 0.2609375 0.0625 0.1109375
1 0.3140625 0.2828125 0.10546875 0.178125
1 0.68125 0.296875 0.06953125 0.1109375
1 0.1703125 0.3171875 0.103125 0.165625
1 0.79453125 0.328125 0.0578125 0.0890625
1 0.7453125 0.03515625 0.05546875 0.0671875
1 0.73671875 0.3390625 0.05546875 0.0890625
1 0.91484375 0.3484375 0.0671875 0.0890625
1 0.8375 0.38671875 0.0625 0.09375
1 0.76796875 0.40390625 0.06484375 0.0890625
1 0.0921875 0.41328125 0.11328125 0.165625
1 0.375 0.4578125 0.0671875 0.103125
1 0.22109375 0.4984375 0.03828125 0.09140625
1 0.49296875 0.51171875 0.0484375 0.10546875
1 0.77421875 0.54296875 0.1203125 0.178125
1 0.1046875 0.5796875 0.0625 0.0890625
1 0.2078125 0.60078125 0.06484375 0.12265625
1 0.9 0.6046875 0.125 0.18515625
1 0.1625 0.0625 0.09609375 0.125
1 0.69453125 0.62265625 0.10546875 0.18046875
1 0.07421875 0.64765625 0.040625 0.09609375
1 0.125 0.65 0.06015625 0.0796875
1 0.2546875 0.6875 0.0625 0.09375
1 0.31484375 0.6890625 0.0578125 0.09609375
1 0.4625 0.6921875 0.084375 0.06953125
1 0.17421875 0.6921875 0.06015625 0.09140625
1 0.7984375 0.71484375 0.125 0.1734375
1 0.0640625 0.74140625 0.06015625 0.0984375
1 0.7984375 0.078125 0.0625 0.0890625
1 0.2875 0.775 0.06015625 0.08671875
1 0.646875 0.7875 0.11796875 0.1875
1 0.0203125 0.7921875 0.040625 0.09140625
1 0.203125 0.80390625 0.08671875 0.1296875
1 0.3578125 0.8140625 0.0625 0.09609375
1 0.9046875 0.81875 0.12265625 0.19453125
1 0.27265625 0.84140625 0.084375 0.0890625
1 0.078125 0.8640625 0.084375 0.115625
1 0.7671875 0.88125 0.115625 0.1921875
1 0.71875 0.08984375 0.0796875 0.10546875
1 0.1625 0.9109375 0.0796875 0.1296875
1 0.31875 0.11640625 0.09140625 0.14453125
1 0.86328125 0.14453125 0.08203125 0.0984375
1 0.55546875 0.1546875 0.07421875 0.10546875
1 0.2046875 0.1546875 0.1109375 0.165625
1 0.7671875 0.16015625 0.06953125 0.09375
1 0.6875 0.1828125 0.06484375 0.1109375
