1 0.7546875 0.22109375 0.1421875 0.10078125
1 0.88671875 0.25703125 0.146875 0.09140625
1 0.1453125 0.259375 0.134375 0.10078125
1 0.4546875 0.30078125 0.146875 0.0984375
1 0.27265625 0.30078125 0.15390625 0.0578125
1 0.64921875 0.303125 0.1390625 0.0984375
1 0.75859375 0.03359375 0.13671875 0.0671875
1 0.35234375 0.3578125 0.1421875 0.09609375
1 0.9640625 0.4328125 0.0671875 0.09609375
1 0.66328125 0.4390625 0.146875 0.09375
1 0.271875 0.046875 0.14453125 0.09375
1 0.7953125 0.48828125 0.1515625 0.09140625
1 0.3125 0.509375 0.13203125 0.0984375
1 0.58671875 0.51796875 0.1390625 0.0984375
1 0.515625 0.58046875 0.1515625 0.06484375
1 0.0765625 0.58046875 0.09140625 0.103125
1 0.3125 0.60078125 0.14453125 0.0984375
1 0.9515625 0.6203125 0.09140625 0.10078125
1 0.165625 0.6703125 0.1390625 0.09609375
1 0.55390625 0.678125 0.14921875 0.0890625
1 0.38828125 0.68125 0.14921875 0.09375
1 0.40625 0.7703125 0.14921875 0.09140625
1 0.95390625 0.7703125 0.0921875 0.09375
1 0.5828125 0.78984375 0.14921875 0.09609375
1 0.2984375 0.8796875 0.1390625 0.103125
