0 0.213236 0.850522 0.118711 0.093682
0 0.615827 0.916582 0.056367 0.037344
0 0.756139 0.874951 0.056367 0.037344
0 0.702025 0.870820 0.056367 0.037344
0 0.764388 0.846748 0.056354 0.037344
0 0.437467 0.868760 0.159049 0.090254
0 0.721283 0.803413 0.081107 0.051748
0 0.498932 0.371230 0.081120 0.079258
0 0.825286 0.517969 0.081120 0.079258
0 0.642051 0.566978 0.081107 0.079248
0 0.457389 0.471094 0.081107 0.079258
0 0.288340 0.651147 0.081107 0.079248
0 0.713952 0.840913 0.056367 0.046299
0 0.658008 0.846748 0.056354 0.037344
0 0.655254 0.890078 0.056367 0.037344
0 0.722207 0.903149 0.056367 0.037354
0 0.309544 0.873896 0.144349 0.085488
0 0.502090 0.815781 0.131497 0.069648
0 0.413164 0.756641 0.118724 0.053125
0 0.401230 0.802734 0.118711 0.053125
