1 0.31015625 0.28828125 0.1421875 0.196875
1 0.18984375 0.296875 0.11328125 0.165625
1 0.8765625 0.33046875 0.134375 0.16796875
1 0.31015625 0.48203125 0.146875 0.18984375
1 0.54296875 0.490625 0.15390625 0.1390625
1 0.87890625 0.51953125 0.13203125 0.21171875
1 0.08671875 0.5484375 0.1609375 0.20703125
1 0.25390625 0.5875 0.13203125 0.196875
1 0.47109375 0.0609375 0.1296875 0.121875
1 0.66328125 0.60546875 0.13203125 0.2015625
1 0.7984375 0.61796875 0.15390625 0.24296875
1 0.40625 0.63203125 0.1609375 0.23046875
1 0.7109375 0.071875 0.13125 0.14375
1 0.6765625 0.8109375 0.16328125 0.12265625
1 0.30625 0.8265625 0.165625 0.240625
1 0.5171875 0.9015625 0.16328125 0.1921875
1 0.07578125 0.9078125 0.1515625 0.18046875
1 0.671875 0.9375 0.1515625 0.1203125
1 0.703125 0.16953125 0.12734375 0.1203125
1 0.82109375 0.1890625 0.11796875 0.14921875
