1 0.3765625 0.2546875 0.14453125 0.2671875
1 0.134375 0.265625 0.1296875 0.1875
1 0.91015625 0.2984375 0.1421875 0.2234375
1 0.8265625 0.4 0.15859375 0.25
1 0.6046875 0.4109375 0.16796875 0.2359375
1 0.0765625 0.42421875 0.153125 0.2546875
1 0.25625 0.4375 0.1515625 0.24296875
1 0.4375 0.48671875 0.165625 0.2359375
1 0.953125 0.53359375 0.09375 0.22109375
1 0.625 0.60078125 0.16328125 0.1734375
1 0.86875 0.6296875 0.16796875 0.2328125
1 0.10234375 0.06484375 0.1515625 0.1296875
1 0.12109375 0.6515625 0.16328125 0.2546875
1 0.6875 0.6859375 0.15390625 0.165625
1 0.41015625 0.7140625 0.1734375 0.26953125
1 0.27265625 0.7515625 0.14453125 0.2328125
1 0.74296875 0.84765625 0.15390625 0.2359375
1 0.1984375 0.85234375 0.13203125 0.21171875
1 0.0953125 0.859375 0.0796875 0.2046875
1 0.8796875 0.87265625 0.12265625 0.23046875
1 0.57421875 0.88671875 0.07421875 0.22109375
1 0.2515625 0.9234375 0.17578125 0.14921875
1 0.4828125 0.9390625 0.1734375 0.11796875
1 0.5984375 0.10546875 0.165625 0.2109375
1 0.7484375 0.1453125 0.1734375 0.25
1 0.22578125 0.196875 0.165625 0.21640625
