1 0.5015625 0.28515625 0.1421875 0.14921875
1 0.63125 0.32109375 0.11796875 0.1703125
1 0.70703125 0.3734375 0.1421875 0.196875
1 0.41328125 0.41015625 0.1078125 0.1875
1 0.321875 0.41484375 0.11796875 0.2140625
1 0.82421875 0.43359375 0.0796875 0.18984375
1 0.2203125 0.44140625 0.10546875 0.13203125
1 0.53125 0.44375 0.15625 0.18984375
1 0.6734375 0.46875 0.1421875 0.13671875
1 0.65859375 0.540625 0.13203125 0.1609375
1 0.81015625 0.59140625 0.125 0.178125
1 0.1546875 0.59765625 0.14921875 0.2359375
1 0.38125 0.61640625 0.09140625 0.240625
1 0.2828125 0.63671875 0.1078125 0.2453125
1 0.475 0.6421875 0.125 0.2359375
1 0.62734375 0.64296875 0.1421875 0.240625
1 0.7640625 0.6515625 0.0984375 0.25
1 0.5359375 0.703125 0.16328125 0.24765625
1 0.52734375 0.2390625 0.1421875 0.2046875
