1 0.23828125 0.259375 0.053125 0.09375
1 0.08515625 0.26328125 0.05078125 0.09140625
1 0.1234375 0.2703125 0.06015625 0.09609375
1 0.29453125 0.271875 0.06015625 0.09375
1 0.20078125 0.29296875 0.06015625 0.0890625
1 0.3890625 0.3296875 0.0578125 0.09609375
1 0.13125 0.33515625 0.06015625 0.07421875
1 0.33046875 0.3390625 0.0578125 0.09609375
1 0.27265625 0.35703125 0.0625 0.09140625
1 0.0734375 0.36875 0.05546875 0.09140625
1 0.20703125 0.38125 0.06015625 0.08671875
1 0.4515625 0.38828125 0.06484375 0.0578125
1 0.5796875 0.40390625 0.06015625 0.05546875
1 0.12109375 0.4171875 0.06015625 0.0890625
1 0.31484375 0.42578125 0.0578125 0.09140625
1 0.2546875 0.43984375 0.06015625 0.0890625
1 0.375 0.44453125 0.06015625 0.09375
1 0.16796875 0.4546875 0.0625 0.09375
1 0.2015625 0.475 0.05546875 0.09140625
1 0.33515625 0.50859375 0.06015625 0.09375
1 0.103125 0.5140625 0.06015625 0.09140625
1 0.3921875 0.5328125 0.06015625 0.09609375
1 0.1578125 0.546875 0.06015625 0.08671875
1 0.2671875 0.5515625 0.0578125 0.09609375
1 0.21171875 0.5671875 0.0578125 0.0890625
1 0.05390625 0.60234375 0.05546875 0.09375
1 0.35078125 0.6046875 0.0578125 0.09375
1 0.115625 0.60546875 0.06015625 0.09140625
1 0.16796875 0.63203125 0.06484375 0.06953125
1 0.29453125 0.63359375 0.0578125 0.08671875
1 0.0828125 0.6859375 0.0578125 0.0890625
1 0.3328125 0.6890625 0.0578125 0.06953125
1 0.16953125 0.69609375 0.06015625 0.06953125
1 0.2125 0.74375 0.06015625 0.09140625
1 0.4546875 0.80390625 0.04296875 0.10078125
1 0.26796875 0.81015625 0.0578125 0.0890625
1 0.203125 0.17890625 0.0578125 0.09140625
1 0.11328125 0.18046875 0.0578125 0.0890625
1 0.271875 0.1859375 0.0578125 0.09140625
1 0.33984375 0.20703125 0.06015625 0.09609375
1 0.15625 0.24296875 0.053125 0.09140625
