1 0.36328125 0.334375 0.06015625 0.09375
1 0.30390625 0.33671875 0.06015625 0.084375
1 0.41953125 0.35546875 0.0625 0.08671875
1 0.24765625 0.36875 0.06484375 0.08671875
1 0.2015625 0.4171875 0.0671875 0.084375
1 0.16328125 0.47734375 0.0671875 0.084375
1 0.1453125 0.55390625 0.06953125 0.084375
1 0.3140625 0.5890625 0.0578125 0.09140625
1 0.52421875 0.5921875 0.06015625 0.09609375
1 0.1421875 0.6390625 0.06953125 0.09140625
1 0.509375 0.678125 0.0625 0.10078125
1 0.16015625 0.72109375 0.06484375 0.0984375
1 0.47734375 0.75 0.06484375 0.10546875
1 0.19453125 0.7875 0.0671875 0.103125
1 0.43125 0.81484375 0.0625 0.1078125
1 0.24296875 0.83984375 0.06484375 0.103125
1 0.36875 0.84765625 0.06484375 0.1109375
1 0.30546875 0.8546875 0.06484375 0.1109375
