1 0.8734375 0.26328125 0.06015625 0.09609375
1 0.49609375 0.27421875 0.0578125 0.09375
1 0.9640625 0.296875 0.06015625 0.09375
1 0.15625 0.35 0.06015625 0.09140625
1 0.55859375 0.37265625 0.06015625 0.09375
1 0.7515625 0.37265625 0.06015625 0.09375
1 0.5 0.40625 0.06015625 0.09140625
1 0.4390625 0.4328125 0.06015625 0.0890625
1 0.79296875 0.43515625 0.06015625 0.09375
1 0.73828125 0.46171875 0.06015625 0.09375
1 0.0453125 0.48203125 0.05546875 0.09375
1 0.68046875 0.484375 0.0625 0.09375
1 0.1671875 0.49765625 0.05546875 0.09140625
1 0.578125 0.525 0.0578125 0.09609375
1 0.7046875 0.56953125 0.06015625 0.09609375
1 0.47578125 0.5890625 0.0625 0.09140625
1 0.11640625 0.60078125 0.06015625 0.09140625
1 0.921875 0.62265625 0.06015625 0.0984375
1 0.3953125 0.646875 0.0625 0.0890625
1 0.53515625 0.67578125 0.06015625 0.08671875
1 0.11328125 0.69921875 0.05546875 0.09140625
1 0.74765625 0.709375 0.06015625 0.0890625
1 0.3171875 0.7640625 0.0625 0.09140625
1 0.51796875 0.7765625 0.06015625 0.09609375
1 0.71875 0.79296875 0.06015625 0.09140625
1 0.78125 0.8140625 0.06015625 0.09609375
1 0.63828125 0.0828125 0.06015625 0.08671875
1 0.4734375 0.8375 0.06015625 0.09140625
1 0.2328125 0.86328125 0.06015625 0.09609375
1 0.1078125 0.896875 0.05546875 0.09375
1 0.88671875 0.90625 0.06015625 0.0890625
1 0.27421875 0.93515625 0.06015625 0.09140625
1 0.58984375 0.9421875 0.05546875 0.09140625
1 0.5421875 0.97578125 0.05546875 0.0484375
1 0.76171875 0.10546875 0.06015625 0.09375
1 0.87109375 0.10703125 0.06015625 0.08671875
1 0.22109375 0.1234375 0.05546875 0.0890625
1 0.046875 0.1234375 0.06015625 0.084375
1 0.16484375 0.16015625 0.06015625 0.08203125
1 0.5375 0.17890625 0.06015625 0.09140625
1 0.74375 0.21015625 0.0578125 0.09375
