1 0.31640625 0.2703125 0.08671875 0.1109375
1 0.55625 0.271875 0.10546875 0.1390625
1 0.6890625 0.2875 0.09140625 0.11796875
1 0.609375 0.34609375 0.09609375 0.10546875
1 0.8546875 0.3734375 0.09375 0.1390625
1 0.71015625 0.39453125 0.10078125 0.1078125
1 0.51796875 0.41328125 0.09609375 0.146875
1 0.31640625 0.4203125 0.09140625 0.1609375
1 0.8578125 0.42578125 0.10078125 0.13671875
1 0.60546875 0.4265625 0.10078125 0.1609375
1 0.39296875 0.47734375 0.07421875 0.15859375
1 0.7484375 0.48671875 0.10546875 0.1421875
1 0.6 0.50625 0.103125 0.11328125
1 0.24296875 0.52734375 0.08203125 0.16328125
1 0.3171875 0.52734375 0.0890625 0.134375
1 0.47109375 0.540625 0.10546875 0.146875
1 0.82421875 0.56640625 0.1078125 0.14921875
1 0.3890625 0.578125 0.0671875 0.13671875
1 0.63359375 0.6078125 0.10546875 0.15390625
1 0.47265625 0.61328125 0.1078125 0.0984375
1 0.24375 0.61640625 0.0796875 0.1203125
1 0.73671875 0.62890625 0.1109375 0.15390625
1 0.64296875 0.67890625 0.11328125 0.14921875
1 0.73671875 0.725 0.09609375 0.09609375
1 0.25625 0.73671875 0.0625 0.15859375
1 0.453125 0.7609375 0.11328125 0.1390625
1 0.63671875 0.76953125 0.10546875 0.09140625
1 0.82421875 0.8140625 0.10078125 0.16328125
1 0.25390625 0.85546875 0.053125 0.10078125
1 0.45078125 0.8640625 0.1109375 0.1109375
1 0.12109375 0.88125 0.11328125 0.15859375
1 0.1234375 0.94921875 0.11328125 0.10078125
1 0.5015625 0.12109375 0.09609375 0.1515625
1 0.30546875 0.165625 0.10546875 0.1390625
1 0.69609375 0.178125 0.10546875 0.134375
1 0.4953125 0.22734375 0.09140625 0.12265625
