1 0.8015625 0.2671875 0.11328125 0.16328125
1 0.24140625 0.36640625 0.14921875 0.18046875
1 0.6921875 0.40625 0.13671875 0.19453125
1 0.8578125 0.44375 0.1078125 0.1609375
1 0.49296875 0.45078125 0.15859375 0.209375
1 0.140625 0.53984375 0.1109375 0.16796875
1 0.3234375 0.578125 0.15390625 0.19453125
1 0.74375 0.6296875 0.16796875 0.20703125
1 0.578125 0.68125 0.125 0.18515625
1 0.23203125 0.75625 0.11328125 0.16796875
1 0.4359375 0.7953125 0.15625 0.20703125
1 0.609375 0.2171875 0.1515625 0.18046875
1 0.41328125 0.22109375 0.16328125 0.2453125
