1 0.29921875 0.265625 0.0578125 0.08203125
1 0.25625 0.3140625 0.0578125 0.0890625
1 0.678125 0.3171875 0.0578125 0.084375
1 0.30390625 0.3640625 0.0578125 0.084375
1 0.36328125 0.37109375 0.0578125 0.08203125
1 0.678125 0.4 0.0453125 0.084375
1 0.4109375 0.41015625 0.06015625 0.08671875
1 0.26171875 0.4359375 0.0578125 0.09140625
1 0.36328125 0.4625 0.0578125 0.0890625
1 0.709375 0.48671875 0.05546875 0.08671875
1 0.71640625 0.57578125 0.06015625 0.084375
1 0.6578125 0.60546875 0.05546875 0.0890625
1 0.3859375 0.6078125 0.06484375 0.09375
1 0.34609375 0.65 0.0625 0.071875
1 0.2671875 0.6921875 0.05546875 0.0890625
1 0.60078125 0.78515625 0.05546875 0.08671875
1 0.384375 0.7859375 0.06015625 0.08671875
1 0.3265625 0.796875 0.05546875 0.09140625
1 0.48203125 0.80859375 0.0578125 0.0890625
1 0.43125 0.83671875 0.053125 0.08671875
1 0.4046875 0.15625 0.05546875 0.08671875
1 0.3375 0.2046875 0.0578125 0.08203125
1 0.39296875 0.23671875 0.0578125 0.08671875
1 0.55078125 0.24375 0.05078125 0.0890625
