1 0.3421875 0.275 0.178125 0.21875
1 0.5515625 0.28984375 0.16796875 0.18515625
1 0.7203125 0.33671875 0.09609375 0.115625
1 0.83046875 0.4328125 0.08203125 0.09609375
1 0.18359375 0.45546875 0.10078125 0.11328125
1 0.640625 0.48828125 0.09609375 0.103125
1 0.46015625 0.51328125 0.10078125 0.0984375
1 0.75234375 0.58203125 0.0796875 0.08671875
1 0.56875 0.60234375 0.08203125 0.09140625
1 0.1625 0.615625 0.10078125 0.10078125
1 0.3078125 0.61640625 0.09375 0.103125
1 0.4421875 0.6546875 0.0765625 0.09140625
1 0.6546875 0.69609375 0.08671875 0.09140625
1 0.23203125 0.72109375 0.0765625 0.0671875
1 0.5328125 0.7609375 0.084375 0.09609375
1 0.3703125 0.78125 0.0765625 0.10078125
