1 0.4859375 0.27890625 0.053125 0.11328125
1 0.3609375 0.2921875 0.071875 0.084375
1 0.0796875 0.2984375 0.071875 0.115625
1 0.959375 0.29921875 0.0578125 0.1109375
1 0.2515625 0.29921875 0.03359375 0.0984375
1 0.61796875 0.3078125 0.06484375 0.11796875
1 0.84765625 0.32578125 0.0625 0.08203125
1 0.02734375 0.3296875 0.053125 0.1109375
1 0.91328125 0.33203125 0.06953125 0.1109375
1 0.44375 0.334375 0.06953125 0.1078125
1 0.1296875 0.3390625 0.04296875 0.1203125
1 0.2921875 0.33984375 0.05078125 0.0984375
1 0.7609375 0.34609375 0.0578125 0.09375
1 0.53125 0.353125 0.053125 0.09375
1 0.73203125 0.3796875 0.07421875 0.1203125
1 0.66015625 0.38359375 0.0578125 0.11328125
1 0.1 0.03984375 0.06015625 0.0796875
1 0.38828125 0.390625 0.0625 0.09609375
1 0.5765625 0.3921875 0.06953125 0.11796875
1 0.22578125 0.39453125 0.053125 0.08671875
1 0.4671875 0.4015625 0.0671875 0.103125
1 0.16796875 0.40625 0.0671875 0.0890625
1 0.8078125 0.40625 0.0625 0.06484375
1 0.75703125 0.04296875 0.0578125 0.0859375
1 0.29296875 0.42421875 0.06015625 0.0578125
1 0.0421875 0.43046875 0.03359375 0.1078125
1 0.94453125 0.45546875 0.0671875 0.11796875
1 0.63203125 0.4578125 0.0671875 0.10078125
1 0.18359375 0.47734375 0.05078125 0.11796875
1 0.103125 0.478125 0.06484375 0.11328125
1 0.85078125 0.4796875 0.06953125 0.11328125
1 0.77265625 0.48671875 0.0671875 0.115625
1 0.240625 0.490625 0.0671875 0.115625
1 0.43046875 0.49140625 0.0578125 0.10078125
1 0.3546875 0.50390625 0.06015625 0.071875
1 0.5265625 0.509375 0.071875 0.115625
1 0.1421875 0.51796875 0.0578125 0.115625
1 0.31484375 0.05390625 0.06015625 0.10546875
1 0.3078125 0.546875 0.0625 0.06953125
1 0.59375 0.55859375 0.071875 0.08203125
1 0.8921875 0.56875 0.0625 0.11328125
1 0.2125 0.5734375 0.06953125 0.0671875
1 0.43359375 0.5765625 0.06015625 0.06953125
1 0.04296875 0.5875 0.05546875 0.115625
1 0.80625 0.59765625 0.03359375 0.11796875
1 0.490625 0.60234375 0.0453125 0.103125
1 0.66796875 0.0625 0.06015625 0.0453125
1 0.3171875 0.6140625 0.071875 0.10078125
1 0.6609375 0.615625 0.071875 0.11796875
1 0.0921875 0.615625 0.071875 0.1296875
1 0.834375 0.61875 0.0484375 0.1109375
1 0.75859375 0.62109375 0.06953125 0.115625
1 0.19921875 0.6546875 0.06953125 0.103125
1 0.41484375 0.65859375 0.06953125 0.11328125
1 0.5984375 0.66015625 0.053125 0.1078125
1 0.43359375 0.06875 0.0625 0.0625
1 0.4671875 0.6625 0.0453125 0.1109375
1 0.5171875 0.66484375 0.053125 0.11328125
1 0.27265625 0.67890625 0.05078125 0.10546875
1 0.975 0.6890625 0.0453125 0.12734375
1 0.22734375 0.7046875 0.06015625 0.09375
1 0.89765625 0.7046875 0.071875 0.11328125
1 0.71484375 0.71015625 0.0671875 0.1109375
1 0.12890625 0.71015625 0.07421875 0.1078125
1 0.0484375 0.7125 0.07421875 0.1109375
1 0.5453125 0.73046875 0.06953125 0.09375
1 0.83671875 0.74296875 0.06484375 0.103125
1 0.321875 0.7671875 0.0578125 0.115625
1 0.38828125 0.77265625 0.06953125 0.10546875
1 0.678125 0.7765625 0.06484375 0.0671875
1 0.26171875 0.77734375 0.0671875 0.10078125
1 0.52421875 0.78984375 0.08671875 0.08203125
1 0.97578125 0.0828125 0.04296875 0.09375
1 0.08671875 0.79921875 0.0671875 0.1078125
1 0.7921875 0.80078125 0.03828125 0.1109375
1 0.60703125 0.803125 0.06484375 0.09375
1 0.1609375 0.80546875 0.0625 0.0890625
1 0.7484375 0.80625 0.06953125 0.10078125
1 0.9703125 0.80859375 0.05546875 0.103125
1 0.9234375 0.8171875 0.0453125 0.1203125
1 0.8453125 0.8296875 0.06484375 0.06953125
1 0.02421875 0.83671875 0.0484375 0.115625
1 0.19609375 0.84140625 0.0625 0.103125
1 0.365625 0.86328125 0.071875 0.0890625
1 0.48203125 0.87265625 0.06484375 0.115625
1 0.2640625 0.87890625 0.071875 0.10546875
1 0.9265625 0.0890625 0.0578125 0.10078125
1 0.49296875 0.08984375 0.06015625 0.07421875
1 0.12890625 0.88828125 0.0765625 0.11796875
1 0.696875 0.88828125 0.07421875 0.103125
1 0.60078125 0.896875 0.071875 0.115625
1 0.04453125 0.90390625 0.0671875 0.10546875
1 0.98515625 0.91484375 0.0296875 0.1109375
1 0.9125 0.921875 0.0625 0.09140625
1 0.8015625 0.9359375 0.071875 0.103125
1 0.5328125 0.93984375 0.0671875 0.103125
1 0.85703125 0.94453125 0.02890625 0.103125
1 0.89765625 0.9515625 0.0484375 0.07421875
1 0.77890625 0.96484375 0.0765625 0.06484375
1 0.28984375 0.1078125 0.06015625 0.11796875
1 0.0875 0.109375 0.07421875 0.103125
1 0.85078125 0.11328125 0.05546875 0.103125
1 0.553125 0.1140625 0.06953125 0.07421875
1 0.62265625 0.1234375 0.06484375 0.09140625
1 0.43046875 0.1296875 0.0671875 0.06953125
1 0.225 0.1390625 0.0671875 0.1109375
1 0.15390625 0.14453125 0.0625 0.084375
1 0.03125 0.1625 0.0625 0.103125
1 0.72578125 0.1734375 0.0625 0.10078125
1 0.34140625 0.18359375 0.06484375 0.1078125
1 0.44609375 0.1890625 0.0671875 0.08203125
1 0.51953125 0.19375 0.06953125 0.115625
1 0.1234375 0.19375 0.0578125 0.11796875
1 0.9703125 0.19453125 0.05546875 0.10078125
1 0.58515625 0.2046875 0.0625 0.11796875
1 0.259375 0.2078125 0.07421875 0.0796875
1 0.9078125 0.22265625 0.06484375 0.103125
1 0.4265625 0.24609375 0.06015625 0.07421875
1 0.19609375 0.25703125 0.071875 0.11328125
1 0.29921875 0.25859375 0.06953125 0.0578125
1 0.7640625 0.2609375 0.0484375 0.09140625
1 0.7125 0.2640625 0.06953125 0.103125
1 0.8234375 0.26796875 0.06484375 0.1109375
1 0.5359375 0.27421875 0.05546875 0.0671875
