1 0.10546875 0.25859375 0.1421875 0.21640625
1 0.6578125 0.26328125 0.13671875 0.21640625
1 0.22578125 0.3578125 0.1390625 0.21640625
1 0.8234375 0.3578125 0.134375 0.2015625
1 0.3796875 0.365625 0.13671875 0.17578125
1 0.03828125 0.37265625 0.0765625 0.2234375
1 0.9390625 0.4078125 0.11796875 0.209375
1 0.50703125 0.415625 0.13671875 0.2234375
1 0.6359375 0.4484375 0.09140625 0.19453125
1 0.7796875 0.4515625 0.1421875 0.21875
1 0.365625 0.51328125 0.146875 0.178125
1 0.1421875 0.52421875 0.13203125 0.18984375
1 0.259375 0.53828125 0.0984375 0.14921875
1 0.87109375 0.55859375 0.084375 0.18984375
1 0.04921875 0.5953125 0.0984375 0.21640625
1 0.47578125 0.6 0.12734375 0.178125
1 0.8828125 0.0609375 0.1375 0.121875
1 0.54296875 0.06484375 0.1203125 0.1296875
1 0.6859375 0.6515625 0.13671875 0.2140625
1 0.33671875 0.65234375 0.14921875 0.178125
1 0.5671875 0.66796875 0.10078125 0.21875
1 0.209375 0.69921875 0.125 0.20703125
1 0.45546875 0.734375 0.125 0.0984375
1 0.85234375 0.7359375 0.14921875 0.1734375
1 0.11875 0.7609375 0.1109375 0.2046875
1 0.71171875 0.79921875 0.1390625 0.18515625
1 0.446875 0.83203125 0.1296875 0.10078125
1 0.10234375 0.0875 0.1453125 0.175
1 0.30625 0.8609375 0.14921875 0.22578125
1 0.828125 0.87734375 0.1421875 0.178125
1 0.5875 0.89453125 0.13671875 0.20703125
1 0.6765625 0.09375 0.134375 0.1734375
1 0.4546875 0.9390625 0.1421875 0.11328125
1 0.7046875 0.95078125 0.1203125 0.09375
1 0.41796875 0.1359375 0.12265625 0.196875
1 0.796875 0.1453125 0.11796875 0.18515625
1 0.31875 0.17890625 0.12265625 0.19921875
1 0.5171875 0.23828125 0.1390625 0.18515625
