1 0.43984375 0.29453125 0.0625 0.146875
1 0.775 0.296875 0.08203125 0.1109375
1 0.28828125 0.30078125 0.040625 0.11328125
1 0.87890625 0.3546875 0.0796875 0.12734375
1 0.228125 0.359375 0.0765625 0.13671875
1 0.7640625 0.40859375 0.0765625 0.125
1 0.2875 0.4109375 0.0625 0.1078125
1 0.69609375 0.4625 0.07421875 0.09375
1 0.76796875 0.5609375 0.0625 0.09140625
1 0.27890625 0.5796875 0.04296875 0.06484375
1 0.69453125 0.5984375 0.0796875 0.11796875
1 0.490625 0.60703125 0.07421875 0.1109375
1 0.6921875 0.7140625 0.0578125 0.103125
1 0.32734375 0.07421875 0.0890625 0.1484375
1 0.2484375 0.7484375 0.06015625 0.10546875
1 0.49375 0.76328125 0.0578125 0.1078125
1 0.74375 0.7984375 0.0671875 0.1203125
1 0.65 0.8125 0.06953125 0.1203125
1 0.2046875 0.834375 0.06484375 0.07421875
1 0.52421875 0.865625 0.071875 0.13671875
1 0.6078125 0.90390625 0.07421875 0.134375
1 0.68359375 0.9359375 0.07421875 0.12265625
1 0.2875 0.95703125 0.0796875 0.08203125
1 0.38203125 0.11796875 0.05546875 0.13203125
1 0.09375 0.209375 0.08671875 0.1390625
1 0.2640625 0.225 0.06953125 0.10078125
1 0.2015625 0.26796875 0.05546875 0.0765625
