1 0.70078125 0.275 0.06484375 0.0765625
1 0.8171875 0.29921875 0.0671875 0.0890625
1 0.64921875 0.30859375 0.0578125 0.0765625
1 0.60546875 0.3171875 0.03359375 0.09140625
1 0.5578125 0.3296875 0.06015625 0.0890625
1 0.6609375 0.3765625 0.06953125 0.0890625
1 0.83515625 0.3796875 0.071875 0.10078125
1 0.725 0.396875 0.06953125 0.08671875
1 0.5296875 0.40234375 0.0671875 0.084375
1 0.60703125 0.4171875 0.06953125 0.0890625
1 0.75859375 0.47109375 0.07421875 0.06953125
1 0.821875 0.47578125 0.06953125 0.09140625
1 0.47109375 0.48671875 0.071875 0.0890625
1 0.69140625 0.49375 0.0765625 0.10546875
1 0.5921875 0.5375 0.05546875 0.10546875
1 0.7703125 0.54921875 0.07421875 0.10078125
1 0.640625 0.5578125 0.03828125 0.0984375
1 0.5578125 0.5765625 0.071875 0.1109375
1 0.50234375 0.6046875 0.0796875 0.10546875
1 0.7078125 0.6359375 0.07421875 0.10546875
1 0.60546875 0.64453125 0.07421875 0.08671875
1 0.53359375 0.68125 0.08203125 0.10546875
1 0.66796875 0.703125 0.07421875 0.1109375
1 0.60078125 0.74296875 0.084375 0.11328125
