1 0.5109375 0.21015625 0.08203125 0.0765625
1 0.5921875 0.21171875 0.09140625 0.12265625
1 0.3015625 0.2484375 0.084375 0.11796875
1 0.39921875 0.27265625 0.09140625 0.11796875
1 0.5296875 0.29296875 0.05546875 0.103125
1 0.47578125 0.296875 0.05546875 0.146875
1 0.6 0.3015625 0.084375 0.1203125
1 0.19140625 0.32578125 0.0890625 0.13203125
1 0.76796875 0.334375 0.0890625 0.12265625
1 0.2765625 0.33671875 0.08203125 0.1109375
1 0.39453125 0.3734375 0.0984375 0.125
1 0.521875 0.38125 0.08671875 0.11328125
1 0.66328125 0.4109375 0.09140625 0.134375
1 0.578125 0.41953125 0.06953125 0.1421875
1 0.3078125 0.4265625 0.0796875 0.134375
1 0.14453125 0.42890625 0.09609375 0.12734375
1 0.74609375 0.43359375 0.09140625 0.1203125
1 0.234375 0.4359375 0.0890625 0.125
1 0.4625 0.4546875 0.0890625 0.11796875
1 0.86171875 0.478125 0.06953125 0.1421875
1 0.3734375 0.48671875 0.09375 0.1296875
1 0.03828125 0.490625 0.0765625 0.1421875
1 0.9359375 0.49140625 0.084375 0.11796875
1 0.51953125 0.51953125 0.05546875 0.14453125
1 0.6203125 0.5265625 0.09140625 0.13671875
1 0.77421875 0.5296875 0.09375 0.14921875
1 0.1203125 0.5328125 0.10078125 0.134375
1 0.34140625 0.53984375 0.09609375 0.12734375
1 0.21875 0.5453125 0.10078125 0.12265625
1 0.70078125 0.54921875 0.071875 0.11328125
1 0.45546875 0.571875 0.10546875 0.125
1 0.30078125 0.58046875 0.1078125 0.11328125
1 0.91328125 0.6046875 0.103125 0.1421875
1 0.5828125 0.6109375 0.09140625 0.115625
1 0.140625 0.6296875 0.103125 0.1296875
1 0.41953125 0.6515625 0.1078125 0.07421875
1 0.77890625 0.6546875 0.10078125 0.1296875
1 0.67578125 0.665625 0.0984375 0.1421875
1 0.228125 0.68046875 0.09375 0.14921875
1 0.3234375 0.6921875 0.09375 0.13671875
1 0.521875 0.7203125 0.103125 0.14453125
1 0.14765625 0.7546875 0.10546875 0.146875
1 0.615625 0.75703125 0.10078125 0.14921875
1 0.4234375 0.75703125 0.09609375 0.1390625
1 0.76796875 0.83046875 0.1078125 0.15390625
1 0.4890625 0.834375 0.10078125 0.1515625
1 0.35 0.83515625 0.10078125 0.15390625
1 0.43515625 0.165625 0.09140625 0.09140625
1 0.3484375 0.178125 0.08671875 0.12734375
