1 0.47734375 0.2609375 0.15859375 0.22578125
1 0.29453125 0.2828125 0.1828125 0.2640625
1 0.6078125 0.28359375 0.0984375 0.11796875
1 0.75234375 0.296875 0.1703125 0.2234375
1 0.1390625 0.37265625 0.1390625 0.196875
1 0.553125 0.384375 0.08203125 0.115625
1 0.6390625 0.390625 0.07421875 0.1390625
1 0.58203125 0.040625 0.0703125 0.08125
1 0.38828125 0.4 0.11796875 0.1703125
1 0.9046875 0.4015625 0.1828125 0.24296875
1 0.22578125 0.45703125 0.07421875 0.115625
1 0.7078125 0.4625 0.06953125 0.1109375
1 0.46484375 0.46484375 0.125 0.1515625
1 0.7984375 0.46640625 0.0765625 0.09609375
1 0.47265625 0.0515625 0.146875 0.10078125
1 0.5375 0.509375 0.0765625 0.12265625
1 0.08203125 0.5109375 0.03828125 0.09140625
1 0.1265625 0.515625 0.07421875 0.10546875
1 0.65390625 0.5359375 0.07421875 0.12265625
1 0.02421875 0.5609375 0.0453125 0.06484375
1 0.78125 0.57421875 0.14921875 0.178125
1 0.26953125 0.60703125 0.18515625 0.259375
1 0.92578125 0.62109375 0.1390625 0.2046875
1 0.45546875 0.6265625 0.1421875 0.19921875
1 0.025 0.64140625 0.05 0.1328125
1 0.1140625 0.6671875 0.1390625 0.21171875
1 0.73203125 0.6875 0.134375 0.18984375
1 0.5640625 0.69140625 0.12734375 0.19921875
1 0.19453125 0.0734375 0.125 0.146875
1 0.34140625 0.07421875 0.1203125 0.1484375
1 0.35703125 0.73203125 0.08203125 0.125
1 0.20703125 0.75859375 0.0765625 0.0890625
1 0.64765625 0.7609375 0.08203125 0.12734375
1 0.8765625 0.77265625 0.10546875 0.1421875
1 0.040625 0.7859375 0.08125 0.134375
1 0.46484375 0.7875 0.0890625 0.12265625
1 0.27421875 0.8109375 0.08671875 0.12265625
1 0.725 0.8296875 0.084375 0.11328125
1 0.12109375 0.83203125 0.084375 0.1296875
1 0.59375 0.8421875 0.08671875 0.12734375
1 0.196875 0.853125 0.0765625 0.10078125
1 0.05390625 0.890625 0.06484375 0.09609375
1 0.5109375 0.89453125 0.08203125 0.1296875
1 0.665625 0.90234375 0.09140625 0.13203125
1 0.88359375 0.9125 0.1515625 0.1703125
1 0.4375 0.9390625 0.09140625 0.11796875
1 0.13359375 0.940625 0.0703125 0.11875
1 0.27890625 0.9421875 0.0765625 0.1109375
1 0.2046875 0.94453125 0.071875 0.10546875
1 0.5625 0.95703125 0.071875 0.08203125
1 0.928125 0.10703125 0.1390625 0.2140625
1 0.6515625 0.109375 0.1203125 0.146875
1 0.8078125 0.12734375 0.09140625 0.12265625
1 0.5421875 0.1515625 0.07421875 0.08671875
1 0.396875 0.1671875 0.0765625 0.13203125
1 0.06953125 0.1703125 0.134375 0.28828125
