2 0.5267864583333333 0.28175 0.04464062499999996 0.08994444444444444
2 0.6391354166666667 0.4338611111111111 0.04910937499999998 0.15608333333333338
2 0.6666666666666666 0.6653425925925927 0.04464062500000002 0.15608333333333327
2 0.5353437499999999 0.6163981481481482 0.08407812499999998 0.12169444444444451
2 0.580359375 0.8333333333333334 0.04315625000000007 0.1507962962962964
2 0.4583333333333333 0.8412685185185186 0.0773802083333333 0.1111111111111111
2 0.3627239583333333 0.766537037037037 0.07663541666666672 0.10713888888888892
2 0.3470989583333333 0.5310833333333334 0.08109895833333335 0.08068518518518528
2 0.4311770833333333 0.4583333333333333 0.09003124999999995 0.0886203703703704
2 0.3515625 0.2956388888888889 0.08109895833333335 0.07804629629629627
