2 0.48065625 0.12367592592592593 0.08928645833333336 0.07804629629629632
2 0.5282760416666666 0.27975925925925926 0.08779687500000002 0.11243518518518522
2 0.6395104166666666 0.3683888888888889 0.08705208333333327 0.09656481481481478
2 0.6175572916666667 0.6362407407407408 0.07142708333333327 0.15608333333333327
2 0.5145104166666666 0.8148148148148148 0.08258854166666664 0.12698148148148136
2 0.3802083333333333 0.8492037037037037 0.08333333333333333 0.09259259259259259
2 0.39471875 0.6686481481481481 0.08109895833333335 0.14417592592592596
2 0.2957604166666667 0.5899444444444444 0.07068229166666669 0.1349166666666667
2 0.28125 0.4060833333333333 0.053572916666666644 0.15343518518518517
2 0.36644270833333337 0.17989814814814814 0.08556770833333331 0.08465740740740742
2 0.4293177083333333 0.36971296296296297 0.05952604166666665 0.16005555555555556
2 0.5327395833333333 0.4384907407407407 0.07589062499999996 0.16269444444444442
2 0.23102604166666665 0.5297592592592593 0.042411458333333305 0.15212037037037035
