2 0.4832604166666667 0.21494444444444444 0.07068229166666669 0.14682407407407405
2 0.6592239583333334 0.18121296296296296 0.08333333333333333 0.07672222222222223
2 0.7388385416666666 0.5211666666666667 0.08333333333333333 0.08465740740740747
2 0.6090052083333333 0.5787037037037037 0.08556770833333331 0.11772222222222231
2 0.5859375 0.8320092592592593 0.0766354166666666 0.12434259259259256
2 0.44754687499999996 0.8677222222222222 0.0766354166666666 0.10582407407407404
2 0.36904687500000005 0.7043611111111111 0.08333333333333333 0.07804629629629627
2 0.4010416666666667 0.5502685185185184 0.08035937499999998 0.11904629629629623
2 0.3344479166666667 0.29695370370370366 0.0617552083333333 0.13624074074074072
2 0.5234375 0.3736759259259259 0.07068229166666669 0.14947222222222217
