2 0.505953125 0.21163888888888888 0.09523958333333328 0.10317592592592591
2 0.6435989583333334 0.2374351851851852 0.046130208333333415 0.0992037037037037
2 0.6067708333333334 0.53175 0.05133854166666675 0.08465740740740747
2 0.5226927083333334 0.7453703703703703 0.0930052083333333 0.12301851851851864
2 0.4107135416666667 0.5826759259259259 0.07440624999999995 0.14947222222222228
2 0.43192187499999996 0.3690462962962963 0.08556770833333331 0.11639814814814818
2 0.34189062499999995 0.3346574074074074 0.08556770833333331 0.07407407407407407
2 0.26859895833333336 0.5482777777777778 0.08333333333333333 0.12301851851851843
2 0.32589062500000004 0.7698425925925926 0.08035937499999998 0.1322777777777777
2 0.045015625000000004 0.7043611111111111 0.043901041666666675 0.09391666666666673
