2 0.47060937500000005 0.10383333333333332 0.055802083333333384 0.16005555555555556
2 0.3355677083333333 0.1951018518518519 0.08035937499999998 0.12037037037037039
2 0.4557291666666667 0.3359814814814815 0.08109895833333335 0.12962962962962962
2 0.5866822916666667 0.35250925925925924 0.0796145833333334 0.1336018518518518
2 0.775296875 0.5429907407407407 0.04315625000000007 0.1547592592592593
2 0.5453854166666667 0.5138888888888888 0.0922604166666666 0.08333333333333333
2 0.5985885416666666 0.8048981481481481 0.04984895833333335 0.1574074074074074
2 0.4791666666666667 0.78175 0.05654687499999997 0.1507962962962964
2 0.3284947916666667 0.7288333333333333 0.07515104166666665 0.1322777777777777
2 0.390625 0.6011944444444444 0.08482291666666673 0.0859814814814814
2 0.3452395833333333 0.42460185185185184 0.08482291666666661 0.08200925925925931
2 0.2689739583333333 0.49934259259259256 0.07366145833333336 0.12037037037037036
