2 0.5074427083333333 0.2136203703703704 0.10119270833333331 0.10185185185185187
2 0.5699427083333333 0.3320092592592592 0.09672395833333335 0.08730555555555553
2 0.5353437499999999 0.5330648148148148 0.09449479166666665 0.11375925925925917
2 0.5558020833333334 0.6911388888888889 0.08333333333333333 0.15475925925925935
2 0.41220312499999995 0.7632314814814815 0.0773802083333333 0.14286111111111108
2 0.3136145833333333 0.5720925925925926 0.055802083333333384 0.14947222222222228
2 0.31807812500000004 0.4292314814814815 0.08854166666666667 0.09126851851851857
2 0.43192187499999996 0.3730185185185185 0.05282812500000003 0.15608333333333327
2 0.24702604166666667 0.625 0.035713541666666695 0.14153703703703716
2 0.28831770833333337 0.7949722222222223 0.078125 0.09259259259259259
