2 0.40625 0.2175925925925926 0.08184374999999994 0.11772222222222221
2 0.5011145833333334 0.2235462962962963 0.046875 0.15608333333333335
2 0.5825885416666666 0.13624074074074072 0.08184374999999994 0.0714259259259259
2 0.59375 0.27314814814814814 0.08630729166666669 0.08598148148148149
2 0.6945677083333333 0.32539814814814816 0.08258854166666675 0.10052777777777783
2 0.6793177083333333 0.45767592592592593 0.0625 0.15608333333333338
2 0.7760416666666666 0.5251296296296296 0.07738020833333342 0.12169444444444451
2 0.7220989583333334 0.6957685185185185 0.07217187500000008 0.12169444444444451
2 0.6223958333333334 0.6078055555555555 0.07515104166666665 0.16005555555555545
2 0.642859375 0.8399444444444444 0.08035937499999998 0.12434259259259256
2 0.546875 0.8869074074074074 0.08333333333333333 0.1150833333333333
2 0.47879687499999996 0.6951018518518519 0.08556770833333331 0.11243518518518525
2 0.43154687500000005 0.549601851851852 0.10565624999999995 0.07804629629629627
2 0.5390625 0.5006574074074075 0.057291666666666664 0.1679907407407408
2 0.3255208333333333 0.4708981481481482 0.08705208333333327 0.08730555555555558
2 0.3843020833333333 0.65675 0.09151562500000002 0.11772222222222231
