2 0.5070677083333334 0.11772222222222221 0.05133854166666663 0.15079629629629632
2 0.6078854166666667 0.2361111111111111 0.08333333333333333 0.12301851851851853
2 0.638390625 0.4027777777777778 0.08779687500000008 0.11772222222222221
2 0.603421875 0.605824074074074 0.08928645833333325 0.08994444444444454
2 0.53125 0.7751296296296296 0.06994270833333331 0.1507962962962962
2 0.42596875 0.6223518518518518 0.07217187499999997 0.14947222222222228
2 0.48623437500000005 0.4834629629629629 0.058781249999999945 0.14682407407407402
2 0.32738020833333337 0.36441666666666667 0.08184375000000005 0.08598148148148149
2 0.4765625 0.28703703703703703 0.0766354166666666 0.14021296296296298
2 0.41703645833333336 0.20304629629629625 0.08854166666666667 0.08598148148148146
2 0.32328645833333336 0.2037037037037037 0.03943229166666669 0.13756481481481478
2 0.24814062500000003 0.5112407407407408 0.07812500000000003 0.08333333333333333
2 0.2566979166666667 0.7083333333333334 0.03422395833333335 0.14417592592592596
2 0.3582604166666667 0.7460277777777778 0.07961458333333328 0.12169444444444451
2 0.4341510416666667 0.8822777777777778 0.07515104166666665 0.11639814814814818
