2 0.4720989583333333 0.10383333333333335 0.05133854166666663 0.14682407407407408
2 0.7083333333333334 0.18716666666666665 0.08482291666666673 0.11772222222222221
2 0.7875729166666667 0.5436481481481481 0.0453854166666666 0.15873148148148153
2 0.7459062500000001 0.7883611111111111 0.08705208333333327 0.11904629629629623
2 0.6860104166666667 0.608462962962963 0.07589062500000002 0.14286111111111108
2 0.584078125 0.3617685185185185 0.09077604166666665 0.10450000000000001
2 0.5379479166666666 0.5132314814814815 0.0952395833333334 0.09259259259259259
2 0.603796875 0.8022499999999999 0.06324479166666658 0.16005555555555545
2 0.47879687499999996 0.7843888888888889 0.04984895833333335 0.15343518518518523
2 0.390625 0.6038333333333333 0.08779687499999997 0.08333333333333333
2 0.34746875 0.4285740740740741 0.08333333333333333 0.07936111111111115
2 0.45609895833333336 0.3366388888888889 0.08184374999999994 0.13095370370370366
2 0.3355677083333333 0.19774999999999998 0.0788697916666667 0.12037037037037036
2 0.26971875 0.5006574074074075 0.07663541666666669 0.12301851851851858
2 0.3266354166666667 0.7242037037037037 0.0773802083333333 0.14682407407407402
2 0.21540104166666665 0.8029074074074074 0.07663541666666666 0.09259259259259259
