2 0.27046354166666664 0.30026851851851855 0.06770833333333333 0.1455
2 0.4330364583333333 0.1501296296296296 0.08928645833333336 0.10185185185185185
2 0.5546875 0.22156481481481477 0.07515104166666665 0.15740740740740738
2 0.6990312500000001 0.16600925925925925 0.09003125000000006 0.07275
2 0.7886927083333333 0.28637962962962965 0.040177083333333266 0.14153703703703704
2 0.6919635416666666 0.4332037037037037 0.06696354166666675 0.14682407407407402
2 0.7369791666666666 0.6931203703703704 0.06324479166666658 0.14286111111111108
2 0.5822187499999999 0.47354629629629635 0.055802083333333266 0.1666666666666667
2 0.42559375 0.33135185185185184 0.09077604166666665 0.10185185185185185
2 0.3902552083333333 0.4722222222222222 0.04836458333333328 0.16401851851851845
2 0.38690625 0.7189166666666666 0.08630729166666669 0.13624074074074083
2 0.240328125 0.5634907407407408 0.07440625000000001 0.09524074074074065
2 0.30766145833333336 0.8551574074074074 0.07515104166666665 0.09126851851851846
2 0.5104166666666666 0.9206388888888889 0.07738020833333335 0.11904629629629634
2 0.572171875 0.7281759259259258 0.08035937499999998 0.14153703703703693
