2 0.4936770833333333 0.24735185185185185 0.0944947916666667 0.11375925925925927
2 0.6011927083333333 0.2612407407407407 0.06994270833333331 0.14682407407407405
2 0.6409947916666667 0.46428703703703705 0.05878125000000007 0.15873148148148145
2 0.5453854166666667 0.6455 0.07738020833333335 0.15343518518518523
2 0.6067708333333334 0.8082037037037038 0.057291666666666664 0.15608333333333327
2 0.4192708333333333 0.8538333333333333 0.04984895833333335 0.14947222222222228
2 0.38095312499999995 0.674601851851852 0.04910937499999998 0.15873148148148153
2 0.2894322916666667 0.5555555555555556 0.08035937499999998 0.10317592592592599
2 0.4456822916666667 0.4947129629629629 0.09672395833333335 0.09259259259259259
2 0.36904687500000005 0.32672222222222225 0.05505729166666669 0.1613796296296296
