2 0.5208333333333334 0.2109814814814815 0.08630729166666669 0.08862037037037038
2 0.584078125 0.42592592592592593 0.06547395833333335 0.1693148148148149
2 0.6822916666666666 0.608462962962963 0.07291666666666667 0.14814814814814814
2 0.6004479166666666 0.8055555555555556 0.05654687500000009 0.15873148148148153
2 0.4947916666666667 0.5734166666666667 0.08482291666666673 0.1336018518518518
2 0.3344479166666667 0.5224907407407408 0.08556770833333331 0.14814814814814814
2 0.44754687499999996 0.39549999999999996 0.07068229166666669 0.15873148148148153
2 0.3452395833333333 0.18716666666666665 0.08035937499999998 0.1388888888888889
2 0.2607864583333333 0.5939166666666666 0.04836458333333334 0.1455000000000001
2 0.43192187499999996 0.7870370370370371 0.08407812500000003 0.12962962962962962
