2 0.3113854166666667 0.26851851851851855 0.08705208333333339 0.08200925925925923
2 0.505578125 0.21230555555555553 0.08854166666666667 0.10449999999999998
2 0.5 0.4001296296296296 0.07886979166666665 0.1283055555555555
2 0.41331770833333337 0.5502685185185184 0.10193229166666669 0.10317592592592599
2 0.5461302083333333 0.6025092592592592 0.09077604166666665 0.08068518518518528
2 0.49776562500000004 0.7757962962962963 0.0922604166666666 0.0886203703703704
2 0.3746302083333333 0.8141574074074074 0.09003125000000006 0.07804629629629627
2 0.34672395833333336 0.6613796296296296 0.08184374999999994 0.08730555555555553
2 0.24590625 0.5019814814814815 0.07961458333333331 0.10449999999999995
2 0.041296875000000004 0.7043611111111111 0.040921874999999996 0.0886203703703704
