2 0.46279687500000005 0.08068518518518518 0.08482291666666661 0.06878703703703704
2 0.6722447916666667 0.06812037037037036 0.08109895833333335 0.07275
2 0.7857135416666666 0.2757962962962963 0.07291666666666667 0.109787037037037
2 0.5885416666666666 0.25793518518518516 0.08928645833333325 0.08465740740740739
2 0.6994062499999999 0.42923148148148144 0.07291666666666667 0.12565740740740738
2 0.5796145833333333 0.4755277777777778 0.04464062500000002 0.16269444444444447
2 0.732140625 0.6911388888888889 0.046130208333333415 0.14947222222222228
2 0.5695677083333333 0.7281759259259258 0.08109895833333335 0.1336018518518518
2 0.3638385416666667 0.7030462962962962 0.08035937499999998 0.0886203703703704
2 0.5111614583333333 0.9199722222222223 0.07589062499999996 0.11243518518518525
2 0.30543229166666663 0.84325 0.04390104166666665 0.1336018518518518
2 0.35863020833333337 0.48478703703703707 0.06994270833333331 0.14682407407407402
2 0.2533489583333333 0.3287037037037037 0.06919791666666668 0.12301851851851853
2 0.4293177083333333 0.2162685185185185 0.07589062500000002 0.12301851851851853
2 0.232515625 0.5158703703703703 0.04984895833333335 0.14550000000000005
