2 0.45796354166666664 0.33862037037037035 0.08407812500000003 0.1349166666666667
2 0.5833333333333334 0.35052777777777777 0.08779687500000008 0.14021296296296293
2 0.5435260416666666 0.5105833333333333 0.09746874999999994 0.07407407407407407
2 0.6026770833333334 0.8055555555555556 0.0639895833333334 0.1640185185185184
2 0.48028125 0.7810833333333334 0.0617552083333333 0.16534259259259254
2 0.38839062500000004 0.5998703703703704 0.08928645833333336 0.07804629629629627
2 0.3247760416666667 0.7261944444444444 0.07217187499999997 0.1349166666666667
2 0.26748437500000005 0.5039722222222222 0.078125 0.12698148148148142
2 0.3463541666666667 0.42327777777777775 0.0930052083333333 0.07672222222222223
2 0.4676354166666667 0.09787962962962961 0.05431770833333331 0.16666666666666666
