2 0.4486614583333333 0.15212037037037035 0.07291666666666667 0.14286111111111113
2 0.6101197916666667 0.12102777777777779 0.08482291666666673 0.13624074074074072
2 0.7459062500000001 0.21296296296296297 0.07217187500000008 0.11375925925925927
2 0.779015625 0.42592592592592593 0.07886979166666658 0.08994444444444444
2 0.661828125 0.3551574074074074 0.08854166666666667 0.0886203703703704
2 0.7235885416666666 0.6150833333333333 0.08705208333333327 0.09524074074074065
2 0.572546875 0.5324074074074074 0.05431770833333331 0.16005555555555562
2 0.568453125 0.7275092592592592 0.0922604166666666 0.08730555555555553
2 0.5390625 0.9093888888888889 0.08854166666666667 0.0859814814814814
2 0.5494791666666666 0.28637962962962965 0.08705208333333327 0.11772222222222221
2 0.42596875 0.3300277777777778 0.08407812500000003 0.13624074074074072
2 0.42559375 0.5211666666666667 0.09226041666666672 0.13756481481481475
2 0.4222447916666667 0.7791018518518518 0.0796145833333334 0.1507962962962962
2 0.31175520833333337 0.6117685185185185 0.08928645833333336 0.10713888888888892
2 0.28125 0.34325 0.052083333333333336 0.1574074074074074
2 0.32217187500000005 0.8842592592592593 0.08184375000000005 0.10713888888888892
