2 0.48995312500000004 0.13558333333333333 0.08705208333333327 0.07010185185185183
2 0.7273072916666667 0.15675 0.078125 0.07275
2 0.5744062499999999 0.24074074074074073 0.09077604166666665 0.08465740740740745
2 0.3582604166666667 0.27049999999999996 0.08705208333333339 0.08598148148148149
2 0.2645104166666667 0.1970925925925926 0.04836458333333331 0.13756481481481478
2 0.47470312499999995 0.4345277777777778 0.09523958333333328 0.08598148148148149
2 0.5885416666666666 0.4027777777777778 0.08184374999999994 0.12301851851851853
2 0.7585572916666667 0.37102777777777773 0.078125 0.09391666666666662
2 0.7749270833333333 0.5912685185185186 0.0766354166666666 0.0820092592592592
2 0.6517864583333334 0.6845277777777777 0.08779687500000008 0.11243518518518525
2 0.5122760416666666 0.5859814814814815 0.08109895833333329 0.12962962962962962
2 0.3229166666666667 0.4550277777777778 0.0788697916666667 0.11904629629629634
2 0.3355677083333333 0.6765833333333333 0.07291666666666667 0.12565740740740744
2 0.43378125 0.7619074074074074 0.0773802083333333 0.12698148148148158
2 0.5461302083333333 0.8716944444444444 0.07886979166666665 0.11904629629629623
